20
189
0 973 295
1 565 864
2 320 591
3 7 394
4 962 652
5 1000 449
6 90 589
7 726 596
8 222 882
9 745 341
10 363 448
11 781 127
12 66 600
13 244 115
14 811 723
15 912 924
16 291 591
17 466 172
18 59 353
19 398 850
13 15 971
18 14 112
17 19 397
0 18 186
1 15 358
8 7 719
19 6 838
18 10 390
2 7 490
13 17 886
11 16 599
15 8 817
17 0 964
1 19 338
16 10 616
9 8 370
5 16 731
4 13 863
4 6 154
2 6 894
17 8 48
4 10 288
14 15 624
16 8 646
5 6 55
8 4 131
10 8 965
14 16 822
15 18 537
0 6 733
9 18 380
2 8 672
7 13 429
10 9 377
7 1 554
11 5 23
3 5 511
9 2 415
3 10 617
5 4 689
2 0 187
15 16 409
3 8 225
19 5 415
17 1 423
1 10 820
0 9 661
6 17 232
14 7 511
2 10 467
10 13 347
3 1 575
3 12 128
12 16 667
12 10 56
16 4 484
18 19 509
6 18 721
14 12 760
0 8 790
19 0 705
12 1 688
2 5 677
12 15 335
16 0 723
3 0 524
11 12 445
6 11 560
8 19 234
18 13 785
3 7 938
5 9 402
4 15 195
12 8 722
1 0 69
3 13 737
17 7 505
9 11 202
8 6 342
15 0 697
1 2 188
16 2 399
14 4 593
9 4 49
4 11 853
18 1 451
6 3 297
7 15 912
19 14 139
11 18 604
3 2 931
10 17 418
18 2 55
11 0 831
6 1 235
4 12 751
5 14 283
6 10 954
15 3 38
3 16 704
17 4 108
3 9 758
2 11 503
7 4 848
14 2 152
18 16 568
9 19 700
1 4 963
14 0 114
16 9 491
1 16 904
13 6 961
10 14 920
3 18 776
1 14 57
12 5 270
14 9 553
6 9 144
2 19 446
14 11 177
11 15 423
15 6 379
5 13 4
13 12 672
4 19 83
9 12 30
17 12 436
0 13 112
8 11 982
12 6 844
15 9 403
7 6 662
3 19 187
10 7 802
11 19 907
10 11 381
1 11 301
8 18 953
5 8 209
5 1 939
2 13 944
4 2 990
3 11 481
0 10 233
17 18 958
4 0 69
16 17 527
3 14 376
11 7 143
14 13 532
5 15 124
12 0 487
17 14 649
11 13 369
13 9 869
8 14 623
17 15 552
16 19 588
17 5 309
18 5 580
4 18 644
12 19 932
1 8 322
0 7 200
16 7 50
18 7 943
17 11 447
15 10 894
19 13 213
7 19 279
0 5 973
14 6 253
3 4 642
10 19 733
9 1 496
12 18 701
7 9 425
17 2 415
12 7 162
19 15 182
17 3 357
12 2 905
10 5 301
15 2 454
1 13 658
16 6 910
17 9 25
13 16 53
7 5 541
3
0 4 3
1 3 6
2 6 7
500
