50
1216
0 610 508
1 194 661
2 602 399
3 813 896
4 54 65
5 514 839
6 29 583
7 231 434
8 798 192
9 557 753
10 185 524
11 95 20
12 869 343
13 791 961
14 709 510
15 95 601
16 156 693
17 266 604
18 434 119
19 383 322
20 418 780
21 899 988
22 395 221
23 603 63
24 983 116
25 769 981
26 429 706
27 180 363
28 308 152
29 68 991
30 459 207
31 255 613
32 148 386
33 397 506
34 116 573
35 749 169
36 273 815
37 411 19
38 37 148
39 573 295
40 305 643
41 398 462
42 561 804
43 30 884
44 619 793
45 976 948
46 300 738
47 545 344
48 640 169
49 887 678
34 15 792
47 29 333
16 27 740
30 26 319
19 12 946
1 26 285
33 22 967
0 4 246
13 35 523
14 49 436
27 38 494
24 42 942
26 25 294
34 16 508
4 17 5
13 0 693
3 30 629
34 46 952
10 22 528
11 25 598
19 14 497
7 5 297
48 49 335
47 40 97
5 17 922
2 22 490
39 28 501
49 38 250
10 7 977
4 27 883
6 3 60
2 14 326
40 20 602
11 47 381
36 11 629
4 35 542
6 31 110
23 44 907
2 19 262
38 47 609
3 2 356
7 24 165
18 16 321
0 44 695
22 6 110
11 37 506
10 31 557
13 38 858
35 14 822
20 4 10
10 23 732
30 17 384
40 28 170
23 40 510
28 43 991
14 45 816
10 44 420
33 16 786
48 21 811
30 0 562
9 39 161
32 20 482
47 45 117
29 7 594
46 31 274
9 46 851
5 42 505
13 29 118
15 6 705
42 7 767
25 29 771
2 42 505
32 33 889
48 5 925
38 41 483
25 16 384
44 3 797
36 7 954
48 16 282
41 6 195
16 12 33
25 47 209
30 27 597
40 1 14
41 26 709
24 10 766
5 15 552
10 11 435
39 30 734
46 49 719
32 0 274
44 36 133
1 41 787
37 10 197
13 27 215
24 3 108
31 44 832
31 13 810
39 4 533
7 38 39
43 16 127
10 49 99
29 22 408
7 26 782
48 22 631
21 12 834
45 0 570
8 18 997
35 3 888
3 48 509
37 14 161
34 17 687
47 31 750
5 12 412
6 47 280
15 46 920
24 35 987
4 11 690
11 42 699
33 31 237
9 48 729
9 16 778
30 18 181
46 19 540
46 25 663
17 13 954
25 1 912
44 15 240
47 48 975
19 3 544
9 19 142
13 26 781
25 40 608
31 7 437
8 24 450
33 4 627
29 19 708
11 5 576
19 0 223
16 40 127
33 46 41
17 44 861
15 24 864
29 16 828
2 24 496
22 39 708
43 24 540
21 37 163
31 17 984
14 34 314
4 24 49
8 27 758
44 34 349
26 17 877
20 47 251
33 49 136
43 5 957
49 28 191
47 5 828
31 39 95
32 5 938
44 18 198
31 34 281
29 23 34
33 24 459
45 18 354
12 22 259
46 7 840
33 23 259
44 16 2
9 1 281
18 28 560
24 34 279
2 15 997
24 26 884
2 0 630
30 9 884
47 14 374
12 10 81
30 7 762
48 27 754
2 35 70
9 23 865
9 2 171
25 18 306
8 25 735
3 16 366
38 40 958
11 31 202
34 39 162
13 4 618
26 31 14
22 24 101
28 26 284
7 16 407
22 49 39
27 10 701
28 20 177
30 8 504
19 25 364
43 41 978
42 12 282
8 23 615
45 15 891
35 8 79
4 43 571
36 19 283
34 47 797
33 37 91
10 19 531
38 28 667
44 26 763
44 12 121
26 29 494
27 6 593
21 33 728
14 18 729
8 32 682
21 0 27
34 23 805
16 36 632
10 25 531
48 26 193
28 9 715
49 31 691
20 18 517
19 20 366
15 25 267
18 46 589
46 26 795
12 41 706
18 11 764
38 1 96
43 3 270
36 8 431
0 42 600
11 13 789
36 12 83
15 40 803
35 5 243
3 1 5
29 41 823
19 34 451
29 24 640
39 46 161
44 13 959
46 10 730
44 35 255
4 5 797
24 48 8
34 48 381
0 49 119
28 13 185
19 41 587
49 45 894
2 34 383
33 26 671
44 20 678
19 6 115
31 22 497
26 36 933
49 32 992
17 16 982
3 13 333
21 40 254
30 24 637
12 38 78
37 44 405
36 39 625
41 18 353
43 7 36
21 39 167
9 15 175
14 4 50
11 46 211
39 16 343
5 14 175
25 44 123
1 4 228
6 45 20
44 29 534
12 34 257
36 4 909
46 37 191
49 44 498
3 18 329
14 8 446
14 15 33
39 44 424
4 10 68
22 43 449
24 0 469
45 13 805
1 10 342
30 22 354
44 27 825
2 21 519
14 46 514
30 33 505
13 47 407
40 41 767
21 3 194
21 26 248
22 17 568
35 43 39
5 28 240
7 15 168
41 46 773
8 15 511
28 4 680
1 45 280
11 1 762
14 39 725
44 40 570
33 18 658
40 13 925
22 41 637
2 28 234
44 5 700
2 8 233
40 8 703
5 1 16
28 46 924
48 37 358
5 21 100
1 21 213
43 27 476
49 39 57
37 18 729
25 34 952
36 6 748
5 18 501
21 25 792
34 42 635
41 5 904
40 46 955
20 33 152
30 13 505
13 19 982
34 43 672
22 16 902
33 48 745
25 24 581
25 7 205
44 45 21
11 20 877
2 39 870
43 2 116
0 36 274
43 39 850
16 10 39
32 9 583
13 46 514
22 46 418
5 45 377
29 1 184
43 31 878
9 36 988
9 14 786
1 8 237
7 6 653
48 44 15
8 5 757
17 24 462
12 31 969
20 30 657
32 17 318
7 40 791
3 41 197
4 18 335
30 41 488
38 2 642
17 14 401
15 16 779
48 15 418
6 38 556
30 49 185
40 12 819
9 17 266
35 23 90
7 9 138
42 16 510
38 45 886
43 12 379
38 14 708
23 17 27
27 22 176
4 46 318
2 49 511
32 43 364
11 34 167
1 46 941
8 3 322
24 14 481
33 13 862
1 31 175
39 19 986
29 33 81
26 14 144
48 13 185
42 48 342
40 29 326
8 44 410
8 43 978
37 47 568
47 39 204
9 33 954
3 38 633
9 5 143
12 24 620
43 26 338
27 3 31
9 35 51
21 43 673
13 49 561
1 2 735
5 40 65
6 5 933
6 4 909
25 31 481
10 20 803
4 12 12
22 35 8
15 36 847
17 19 443
12 39 706
36 10 501
47 32 65
36 42 81
11 16 337
12 23 797
45 42 304
23 38 397
25 35 131
3 22 318
34 49 646
49 16 629
21 34 783
2 20 989
16 13 722
22 40 517
33 39 667
43 17 81
20 24 182
4 25 65
17 29 616
15 42 27
24 5 358
38 18 998
27 29 654
42 43 38
49 43 946
6 46 408
3 42 691
36 41 911
31 18 967
10 45 853
48 14 876
6 32 895
35 48 283
29 28 654
27 15 311
5 39 106
15 4 210
14 33 334
8 13 873
11 14 822
12 7 380
8 34 497
23 41 85
17 25 991
7 49 46
29 45 828
42 47 167
16 46 31
29 38 787
35 7 547
9 45 224
36 23 153
47 46 164
21 47 817
27 19 559
33 43 244
3 31 64
13 20 910
26 9 246
32 37 735
42 35 734
9 8 668
31 30 613
25 33 725
26 5 597
37 41 826
12 29 50
40 42 737
0 1 105
28 6 69
39 17 399
49 5 965
4 48 167
8 46 693
2 17 136
48 2 704
40 6 964
23 28 813
46 2 92
14 27 947
37 16 926
42 8 410
29 6 392
7 8 804
6 12 448
27 5 955
39 35 209
25 49 415
37 49 586
49 41 950
40 17 489
40 39 806
30 2 665
48 38 183
2 11 927
27 46 261
7 18 346
1 30 654
27 45 975
37 2 603
37 19 122
26 11 658
30 45 233
6 1 704
10 0 434
12 15 337
1 17 672
33 15 301
6 13 177
7 1 483
23 26 405
7 3 330
24 46 837
0 7 875
15 43 321
40 24 226
10 28 339
13 18 772
37 42 217
47 9 745
23 14 497
35 27 729
32 34 245
9 20 430
2 23 637
9 49 953
31 4 740
49 15 274
32 14 508
19 35 176
48 41 365
48 17 563
48 40 556
10 42 681
19 47 125
23 15 947
45 8 575
45 22 479
14 28 781
12 33 889
21 27 59
41 47 103
40 3 558
37 27 206
32 46 814
35 26 872
4 37 607
41 27 132
21 7 298
37 26 416
11 21 687
7 17 802
27 17 808
28 19 85
25 39 330
45 31 13
39 1 853
34 28 846
36 48 473
49 11 32
45 17 806
36 18 715
21 4 421
23 0 433
36 31 456
9 0 447
38 43 124
1 43 502
48 28 335
24 9 280
35 30 105
45 28 89
25 37 568
20 35 612
6 14 104
41 11 758
30 38 761
15 10 792
48 32 611
45 41 60
21 6 270
35 40 926
20 3 767
30 34 752
14 13 379
27 39 696
21 10 267
28 8 837
48 6 911
14 22 932
2 25 747
0 35 188
10 30 194
16 31 752
17 28 71
30 19 568
31 21 366
10 33 687
11 40 790
0 43 317
6 49 332
21 35 853
42 44 931
5 23 604
29 37 574
7 11 738
45 7 980
47 4 929
38 42 133
36 35 610
47 28 964
19 49 160
26 8 912
4 19 366
20 36 922
32 2 542
16 4 381
1 18 238
7 32 554
18 22 892
49 27 978
1 47 200
33 8 335
8 41 422
43 46 204
34 20 765
4 2 531
9 22 564
9 41 179
48 45 901
15 41 930
6 2 463
12 2 670
41 4 929
22 13 934
49 47 510
20 0 520
19 48 381
2 18 923
28 24 896
31 20 691
20 14 451
16 19 110
22 23 900
13 9 442
43 19 326
43 10 427
24 41 982
10 14 610
42 29 338
38 22 228
39 8 747
46 45 141
9 10 626
49 23 708
33 35 875
37 20 821
10 34 252
20 6 132
28 32 943
30 46 449
31 14 794
19 42 265
42 13 638
23 1 580
48 29 321
10 48 923
10 8 880
43 11 981
8 16 566
35 32 647
45 43 88
42 1 884
17 37 938
25 13 843
36 17 288
0 29 37
22 0 124
12 18 220
3 46 464
37 24 722
10 13 335
48 25 840
47 3 417
21 42 222
20 38 450
24 31 113
16 23 544
39 6 774
32 1 827
49 1 508
3 11 235
17 3 172
20 1 468
36 33 313
29 46 314
1 37 869
6 44 992
24 16 388
15 32 676
42 17 201
0 17 659
19 15 205
35 31 793
6 23 434
28 30 319
25 43 370
18 6 465
15 35 458
29 49 123
10 32 14
40 10 70
19 11 449
0 34 613
7 14 464
39 23 445
25 30 798
27 34 30
24 32 194
2 45 793
35 12 398
27 33 863
45 32 306
34 3 453
12 20 149
44 1 861
47 12 119
45 19 475
45 12 559
14 41 582
7 47 434
32 40 107
0 25 680
18 26 1
45 20 27
44 33 659
22 28 551
29 32 440
27 7 331
38 26 56
0 27 414
33 5 201
24 39 455
12 3 27
28 15 660
4 44 268
30 36 348
7 48 42
43 37 838
18 32 962
37 13 644
20 49 54
26 16 580
13 12 1000
17 33 797
33 0 73
38 4 812
16 47 207
9 40 369
8 0 863
9 34 102
32 21 930
29 20 542
46 35 586
20 27 293
34 26 17
25 6 199
21 49 229
30 48 814
41 34 155
5 34 406
17 49 287
46 5 945
39 41 911
5 31 55
47 27 944
46 36 140
20 22 450
4 3 859
40 0 386
3 10 852
8 31 915
21 30 776
35 41 456
33 11 842
39 13 871
31 9 743
9 21 526
25 36 202
23 47 880
35 37 369
6 11 48
40 43 956
19 18 264
3 26 642
32 25 78
9 12 146
16 14 592
48 39 347
5 25 96
5 20 294
19 1 499
25 22 89
48 1 346
41 20 723
24 21 714
9 11 675
36 38 530
18 10 71
2 13 784
21 29 7
29 10 905
34 18 732
0 12 484
40 26 931
41 0 327
0 3 574
45 34 933
11 28 629
17 11 476
42 20 985
39 38 369
42 28 405
42 26 819
41 13 546
21 44 781
37 5 110
46 17 664
14 12 311
22 26 426
15 22 129
32 19 427
42 31 406
20 21 129
23 46 693
34 7 779
40 34 828
30 11 799
19 24 748
4 9 337
4 40 858
24 44 278
38 5 22
37 6 840
28 44 562
26 45 100
38 34 681
49 8 64
36 5 561
14 21 339
36 22 542
23 4 56
1 28 717
47 43 956
14 44 491
19 26 672
5 0 791
8 11 403
23 30 279
47 36 86
37 22 338
38 9 272
34 6 984
42 14 518
1 13 793
37 7 363
23 42 781
41 44 193
41 32 118
9 27 701
15 17 345
8 38 481
37 3 21
18 24 977
29 36 186
23 21 537
6 10 159
24 13 515
20 23 445
8 21 420
42 41 134
40 33 109
0 46 987
14 43 13
45 40 207
43 48 495
6 17 178
46 48 842
17 41 543
6 24 406
21 19 64
21 36 31
35 29 218
26 32 507
16 1 396
27 36 214
18 43 198
13 36 500
39 42 448
42 27 492
35 18 878
2 31 669
21 41 529
9 37 481
18 48 233
23 48 767
29 31 708
43 9 238
2 47 203
48 12 414
21 16 515
12 17 805
11 29 762
14 36 304
14 30 110
11 35 511
26 12 534
38 16 413
24 38 739
34 37 296
2 16 893
30 4 412
27 11 176
18 17 546
0 15 306
6 42 997
3 14 288
5 16 627
5 3 274
28 16 931
15 11 398
12 49 556
15 1 389
20 17 710
35 38 865
10 17 269
44 19 385
25 38 692
15 13 87
8 4 23
37 31 236
30 47 189
37 36 113
22 42 715
9 25 922
16 30 41
25 23 332
47 33 380
16 41 525
26 27 996
47 17 621
15 31 311
28 12 251
4 42 13
8 37 74
42 30 91
3 49 419
10 39 96
26 39 956
31 28 840
27 23 741
10 5 948
43 13 487
46 44 764
16 0 201
8 20 718
21 18 794
1 34 180
27 28 561
37 28 452
36 43 955
35 45 653
0 18 637
4 34 382
20 48 280
26 49 961
5 2 322
2 33 431
41 25 867
23 13 167
8 17 503
40 30 464
22 21 717
18 27 945
15 47 426
39 15 864
41 7 199
7 33 34
25 27 790
24 49 839
38 11 821
40 18 934
33 42 559
13 32 463
39 20 112
41 33 732
36 3 951
34 35 996
1 24 208
7 2 774
1 36 499
7 22 483
47 10 187
39 45 119
0 14 457
29 43 453
1 14 262
49 18 883
14 25 90
16 20 231
43 20 597
44 47 593
10 26 694
24 27 917
26 0 76
27 32 318
48 31 280
40 49 807
46 12 245
33 1 84
10 41 99
39 11 572
22 34 317
32 22 701
14 29 604
6 43 955
29 5 138
12 32 648
44 11 45
35 1 588
42 9 332
36 28 891
3 9 297
23 18 649
15 20 316
32 42 905
21 13 544
43 23 251
37 23 247
13 7 485
47 18 455
37 15 121
28 33 602
49 35 137
29 34 275
29 3 910
35 6 174
22 4 819
14 40 39
32 16 177
46 38 479
37 30 954
11 0 807
7 20 692
18 9 40
11 24 950
33 19 183
19 31 144
36 45 139
0 47 616
0 48 192
4 45 505
32 3 761
19 8 582
9 29 918
4 29 246
46 42 83
11 12 968
16 35 272
32 4 530
36 32 62
44 7 565
38 33 799
40 2 180
36 49 268
0 39 478
39 37 473
5 19 743
26 20 55
38 21 763
6 33 342
24 23 268
19 23 293
8 48 458
38 19 402
45 21 471
30 29 336
35 47 702
23 32 52
39 18 230
40 19 243
12 25 149
40 31 852
6 30 886
44 32 983
26 15 271
21 28 928
15 38 634
25 42 728
3 15 631
20 25 44
10 38 269
41 31 689
21 17 772
48 11 595
19 22 612
49 42 608
28 3 998
34 33 953
45 3 144
38 37 16
2 26 529
0 38 506
44 22 5
30 15 321
11 45 84
28 7 552
44 9 474
15 29 416
26 6 284
30 5 992
20 46 299
2 41 153
24 45 43
28 35 52
44 38 286
25 28 929
45 33 962
38 32 739
22 11 474
25 45 402
16 45 294
8 12 169
15 18 15
46 21 125
43 44 360
31 0 468
22 47 89
35 17 752
27 31 438
2 29 939
27 2 757
35 10 115
31 38 367
7 19 591
43 30 664
2 36 704
1 22 893
6 16 764
30 32 397
23 11 883
0 6 45
8 29 746
12 37 175
27 40 145
6 8 882
8 22 949
13 34 703
1 12 42
4 26 361
25 3 116
5 22 932
6 9 663
44 2 406
28 41 550
36 34 634
45 37 832
18 29 382
37 0 33
39 3 715
47 24 419
38 17 254
1 27 398
23 7 660
40 37 596
36 24 183
30 12 223
7 39 794
0 28 225
2 10 174
40 36 306
23 3 890
32 11 690
3 33 651
42 18 670
45 23 810
47 26 636
15 21 444
32 31 648
3
0 20 10
1 5 1
2 21 3
500
